model,dataset,rank_bound,embedding_dim,p,q,feature_dim,seed,accuracy_score_val,macro_f1_val,micro_f1_val,auc_val,accuracy_score_test,macro_f1_test,micro_f1_test,auc_test,rank,accuracy_score_test_low_degree_nodes,macro_f1_test_low_degree_nodes,micro_f1_test_low_degree_nodes,auc_test_low_degree_nodes,accuracy_score_test_high_degree_nodes,macro_f1_test_high_degree_nodes,micro_f1_test_high_degree_nodes,auc_test_high_degree_nodes
gcn,Cora,32.0,32.0,1.0,1.0,1.00000000,1.0,0.6940,0.6837,0.6940,0.9294,0.7110,0.7058,0.7110,0.9422,32.0000,0.6400,0.6366,0.6400,0.9133,0.7816,0.7718,0.7816,0.9634
gcn,Cora,32.0,32.0,1.0,1.0,1.00000000,1.0,0.6980,0.6865,0.6980,0.9298,0.7150,0.7105,0.7150,0.9422,32.0000,0.6480,0.6453,0.6480,0.9133,0.7816,0.7724,0.7816,0.9633
sage,Cora,32.0,32.0,1.0,1.0,1.00000000,1.0,0.7220,0.7076,0.7220,0.9283,0.7070,0.7007,0.7070,0.9294,32.0000,0.6440,0.6374,0.6440,0.8951,0.7695,0.7584,0.7695,0.9551
deepwalk,Cora,1.0,1.0,1.0,1.0,0.00000000,42.0,0.2280,0.1744,0.2280,0.6639,0.1960,0.1552,0.1960,0.6662,1.0000,0.1980,0.1254,0.1980,0.6666,0.1944,0.1593,0.1944,0.6665
deepwalk,Flickr,1.0,1.0,1.0,1.0,0.00000000,42.0,0.4320,0.1179,0.4320,0.5360,0.4280,0.1165,0.4280,0.5322,1.0000,0.4865,0.0935,0.4865,0.4953,0.3696,0.1164,0.3696,0.5292
deepwalk,Amazon-Computers,1.0,8.0,1.0,1.0,0.00000000,42.0,0.3530,0.0720,0.3530,0.6266,0.3727,0.0726,0.3727,0.6230,1.0000,0.3229,0.0639,0.3229,0.5669,0.4229,0.0804,0.4229,0.6725
deepwalk,Cora,1.0,8.0,1.0,1.0,0.00000000,42.0,0.1260,0.0930,0.1260,0.5254,0.1180,0.0974,0.1180,0.5063,1.0000,0.1040,0.0907,0.1040,0.4775,0.1323,0.1013,0.1323,0.5279
deepwalk,Cora,1.0,8.0,1.0,1.0,0.00000000,42.0,0.1260,0.0930,0.1260,0.5254,0.1180,0.0974,0.1180,0.5063,1.0000,0.1040,0.0907,0.1040,0.4775,0.1323,0.1013,0.1323,0.5279
deepwalk,Cora,1.0,8.0,1.0,1.0,0.00000000,42.0,0.1260,0.0930,0.1260,0.5254,0.1180,0.0974,0.1180,0.5063,1.0000,0.1040,0.0907,0.1040,0.4775,0.1323,0.1013,0.1323,0.5279
deepwalk,CiteSeer,1.0,8.0,1.0,1.0,0.00000000,42.0,0.1360,0.1094,0.1360,0.4846,0.1630,0.1345,0.1630,0.4921,1.0000,0.1500,0.1242,0.1500,0.4774,0.1764,0.1419,0.1764,0.5067
deepwalk,PubMed,1.0,8.0,1.0,1.0,0.00000000,42.0,0.4300,0.4089,0.4300,0.5938,0.4440,0.4141,0.4440,0.5828,1.0000,0.5080,0.4471,0.5080,0.6175,0.3788,0.3703,0.3788,0.5603
deepwalk,CoraFull,1.0,8.0,1.0,1.0,0.00000000,42.0,0.0738,0.0105,0.0738,0.0080,0.0738,0.0270,0.0738,0.0642,0.0090,0.0642,0.0061,0.0642,0.0265,0.0642,1.0000,0.0520,0.0049,0.0520,0.0029,0.0520,0.0179,0.0520,0.0763,0.0112,0.0763,0.0076,0.0763,0.0304,0.0763
deepwalk,CoraFull,1.0,8.0,1.0,1.0,0.00000000,42.0,0.0738,0.0105,0.0738,0.0270,0.0738,0.0642,0.0090,0.0642,0.0265,0.0642,1.0000,0.0520,0.0049,0.0520,0.0179,0.0520,0.0763,0.0112,0.0763,0.0304,0.0763
deepwalk,Cora,1.0,8.0,1.0,1.0,0.00000000,42.0,0.1260,0.0930,0.1260,0.1557,0.1260,0.1180,0.0974,0.1180,0.1492,0.1180,1.0000,0.1040,0.0907,0.1040,0.1401,0.1040,0.1323,0.1013,0.1323,0.1548,0.1323
deepwalk,CiteSeer,1.0,8.0,1.0,1.0,0.00000000,42.0,0.1360,0.1094,0.1360,0.1379,0.1360,0.1630,0.1345,0.1630,0.1607,0.1630,1.0000,0.1500,0.1242,0.1500,0.1383,0.1500,0.1764,0.1419,0.1764,0.1797,0.1764
deepwalk,PubMed,1.0,8.0,1.0,1.0,0.00000000,42.0,0.4300,0.4089,0.4300,0.4089,0.4300,0.4440,0.4141,0.4440,0.4139,0.4440,1.0000,0.5080,0.4471,0.5080,0.4506,0.5080,0.3788,0.3703,0.3788,0.3862,0.3788
deepwalk,CoraFull,1.0,8.0,1.0,1.0,0.00000000,42.0,0.0738,0.0105,0.0738,0.0270,0.0738,0.0642,0.0090,0.0642,0.0265,0.0642,1.0000,0.0520,0.0049,0.0520,0.0179,0.0520,0.0763,0.0112,0.0763,0.0304,0.0763
deepwalk,Amazon-Computers,1.0,8.0,1.0,1.0,0.00000000,42.0,0.3530,0.0720,0.3530,0.1094,0.3530,0.3727,0.0726,0.3727,0.1092,0.3727,1.0000,0.3229,0.0639,0.3229,0.1066,0.3229,0.4229,0.0804,0.4229,0.1112,0.4229
deepwalk,Amazon-Photo,1.0,8.0,1.0,1.0,0.00000000,42.0,0.2481,0.0604,0.2481,0.1271,0.2481,0.2516,0.0619,0.2516,0.1266,0.2516,1.0000,0.2118,0.0574,0.2118,0.1295,0.2118,0.2919,0.0633,0.2919,0.1225,0.2919
deepwalk,CitationFull-DBLP,1.0,8.0,1.0,1.0,0.00000000,42.0,0.5223,0.2855,0.5223,0.3295,0.5223,0.5349,0.2896,0.5349,0.3314,0.5349,1.0000,0.4272,0.2457,0.4272,0.3099,0.4272,0.6426,0.3183,0.6426,0.3643,0.6426
deepwalk,Flickr,1.0,8.0,1.0,1.0,0.00000000,42.0,0.4316,0.1206,0.4316,0.1562,0.4316,0.4293,0.1200,0.4293,0.1557,0.4293,1.0000,0.4865,0.0935,0.4865,0.1429,0.4865,0.3720,0.1199,0.3720,0.1540,0.3720
deepwalk,Coauthor-CS,1.0,8.0,1.0,1.0,0.00000000,42.0,0.2244,0.0337,0.2244,0.0692,0.2244,0.2392,0.0371,0.2392,0.0708,0.2392,1.0000,0.2552,0.0291,0.2552,0.0653,0.2552,0.2231,0.0427,0.2231,0.0751,0.2231
deepwalk,Coauthor-Physics,1.0,8.0,1.0,1.0,0.00000000,42.0,0.6675,0.3764,0.6675,0.4270,0.6675,0.6717,0.3774,0.6717,0.4249,0.6717,1.0000,0.5762,0.3664,0.5762,0.4192,0.5762,0.7672,0.3713,0.7672,0.4276,0.7672
sage,Cora,1.0,1.0,1.0,1.0,1.00000000,1.0,0.2420,0.1504,0.2420,0.2206,0.2420,0.2810,0.1953,0.2810,0.2718,0.2810,1.0000,0.2400,0.1699,0.2400,0.2477,0.2400,0.3226,0.2174,0.3226,0.2940,0.3226
sage,CiteSeer,1.0,1.0,1.0,1.0,1.00000000,1.0,0.3340,0.2379,0.3340,0.2850,0.3340,0.3070,0.2381,0.3070,0.2987,0.3070,1.0000,0.2220,0.1911,0.2220,0.2586,0.2220,0.3928,0.2713,0.3928,0.3204,0.3928
sage,PubMed,1.0,1.0,1.0,1.0,1.00000000,1.0,0.5140,0.5367,0.5140,0.5486,0.5140,0.5140,0.5379,0.5140,0.5563,0.5140,1.0000,0.5120,0.5368,0.5120,0.5546,0.5120,0.5150,0.5303,0.5150,0.5516,0.5150
sage,CoraFull,1.0,1.0,1.0,1.0,1.00000000,1.0,0.0947,0.0133,0.0947,0.0374,0.0947,0.0947,0.0130,0.0947,0.0364,0.0947,1.0000,0.0833,0.0092,0.0833,0.0306,0.0833,0.1061,0.0137,0.1061,0.0380,0.1061
sage,Cora,1.0,1.0,1.0,1.0,1.00000000,1.0,0.2420,0.1504,0.2420,0.2206,0.2420,0.2810,0.1953,0.2810,0.2718,0.2810,1.0000,0.2400,0.1699,0.2400,0.2477,0.2400,0.3226,0.2174,0.3226,0.2940,0.3226
sage,CiteSeer,1.0,1.0,1.0,1.0,1.00000000,1.0,0.3340,0.2379,0.3340,0.2850,0.3340,0.3070,0.2381,0.3070,0.2987,0.3070,1.0000,0.2220,0.1911,0.2220,0.2586,0.2220,0.3928,0.2713,0.3928,0.3204,0.3928
sage,PubMed,1.0,1.0,1.0,1.0,1.00000000,1.0,0.5140,0.5367,0.5140,0.5486,0.5140,0.5140,0.5379,0.5140,0.5563,0.5140,1.0000,0.5120,0.5368,0.5120,0.5546,0.5120,0.5150,0.5303,0.5150,0.5516,0.5150
sage,CoraFull,1.0,1.0,1.0,1.0,1.00000000,1.0,0.0947,0.0133,0.0947,0.0374,0.0947,0.0947,0.0130,0.0947,0.0364,0.0947,1.0000,0.0833,0.0092,0.0833,0.0306,0.0833,0.1061,0.0137,0.1061,0.0380,0.1061
sage,Amazon-Computers,1.0,1.0,1.0,1.0,1.00000000,1.0,0.4324,0.1710,0.4324,0.2033,0.4324,0.4164,0.1594,0.4164,0.1907,0.4164,1.0000,0.3345,0.1371,0.3345,0.1738,0.3345,0.4978,0.1933,0.4978,0.2074,0.4978
sage,Amazon-Photo,1.0,1.0,1.0,1.0,1.00000000,1.0,0.3739,0.2019,0.3739,0.2453,0.3739,0.3928,0.1987,0.3928,0.2467,0.3928,1.0000,0.3490,0.1648,0.3490,0.2121,0.3490,0.4372,0.2218,0.4372,0.2683,0.4372
sage,CitationFull-DBLP,1.0,1.0,1.0,1.0,1.00000000,1.0,0.6639,0.3708,0.6639,0.4305,0.6639,0.6559,0.3671,0.6559,0.4241,0.6559,1.0000,0.5830,0.3374,0.5830,0.3963,0.5830,0.7290,0.3848,0.7290,0.4447,0.7290
sage,Flickr,1.0,1.0,1.0,1.0,1.00000000,1.0,0.4239,0.0851,0.4239,0.1429,0.4239,0.4234,0.0850,0.4234,0.1429,0.4234,1.0000,0.4865,0.0935,0.4865,0.1429,0.4865,0.3603,0.0757,0.3603,0.1429,0.3603
sage,Coauthor-CS,1.0,1.0,1.0,1.0,1.00000000,1.0,0.3701,0.1215,0.3701,0.1742,0.3701,0.3774,0.1233,0.3774,0.1749,0.3774,1.0000,0.3866,0.1148,0.3866,0.1687,0.3866,0.3682,0.1416,0.3682,0.2010,0.3682
sage,Coauthor-Physics,1.0,1.0,1.0,1.0,1.00000000,1.0,0.7534,0.4589,0.7534,0.5372,0.7534,0.7530,0.4644,0.7530,0.5412,0.7530,1.0000,0.6904,0.4599,0.6904,0.5382,0.6904,0.8156,0.4630,0.8156,0.5339,0.8156
gcn,Cora,32.0,32.0,1.0,1.0,1.00000000,1.0,0.7340,0.7138,0.7340,0.7479,0.7340,0.7520,0.7370,0.7520,0.7643,0.7520,32.0000,0.7180,0.6982,0.7180,0.7248,0.7180,0.7876,0.7702,0.7876,0.7977,0.7876
gcn,CiteSeer,32.0,32.0,1.0,1.0,1.00000000,1.0,0.6720,0.6223,0.6720,0.6280,0.6720,0.6760,0.6294,0.6760,0.6332,0.6760,32.0000,0.6520,0.6151,0.6520,0.6184,0.6520,0.7014,0.6397,0.7014,0.6446,0.7014
gcn,PubMed,32.0,32.0,1.0,1.0,1.00000000,1.0,0.8180,0.8156,0.8180,0.8268,0.8180,0.7880,0.7810,0.7880,0.7848,0.7880,31.0000,0.7980,0.7966,0.7980,0.8029,0.7980,0.7776,0.7614,0.7776,0.7619,0.7776
gcn,CoraFull,32.0,32.0,1.0,1.0,1.00000000,1.0,0.5181,0.2894,0.5181,0.3171,0.5181,0.5054,0.2905,0.5054,0.3174,0.5054,31.0000,0.4879,0.2677,0.4879,0.2993,0.4879,0.5230,0.3110,0.5230,0.3380,0.5230
gcn,Amazon-Computers,32.0,32.0,1.0,1.0,1.00000000,1.0,0.4802,0.1926,0.4802,0.2098,0.4802,0.4633,0.1875,0.4633,0.2060,0.4633,26.0000,0.3593,0.1330,0.3593,0.1518,0.3593,0.5670,0.2309,0.5670,0.2570,0.5670
gcn,Amazon-Photo,32.0,32.0,1.0,1.0,1.00000000,1.0,0.4389,0.2015,0.4389,0.2580,0.4389,0.4399,0.1934,0.4399,0.2485,0.4399,32.0000,0.4026,0.1485,0.4026,0.2130,0.4026,0.4777,0.2248,0.4777,0.2956,0.4777
gcn,CitationFull-DBLP,32.0,32.0,1.0,1.0,1.00000000,1.0,0.8369,0.7884,0.8369,0.7858,0.8369,0.8467,0.8041,0.8467,0.8003,0.8467,32.0000,0.8217,0.7789,0.8217,0.7697,0.8217,0.8718,0.8262,0.8718,0.8296,0.8718
gcn,Flickr,32.0,32.0,1.0,1.0,1.00000000,1.0,0.4492,0.1360,0.4492,0.1679,0.4492,0.4460,0.1343,0.4460,0.1667,0.4460,6.0000,0.4903,0.1275,0.4903,0.1586,0.4903,0.4018,0.1325,0.4018,0.1670,0.4018
gcn,Coauthor-CS,32.0,32.0,1.0,1.0,1.00000000,1.0,0.9332,0.9099,0.9332,0.8968,0.9332,0.9302,0.9104,0.9302,0.9001,0.9302,32.0000,0.9275,0.9016,0.9275,0.8931,0.9275,0.9329,0.9083,0.9329,0.9012,0.9329
gcn,Coauthor-Physics,32.0,32.0,1.0,1.0,1.00000000,1.0,0.9625,0.9511,0.9625,0.9500,0.9625,0.9542,0.9382,0.9542,0.9355,0.9542,31.0000,0.9362,0.9238,0.9362,0.9204,0.9362,0.9722,0.9394,0.9722,0.9347,0.9722
